Population size:100
Max generations:100
Selection:Tournament(4)
Recombination:PMX
Recombination prob.: 0.8
Mutation:Insert
Mutation prob.: 0.5
fitness: 412.0
path:57 127 133 50 135 74 93 39 122 139 144 82 104 131 120 73 115 138 77 60 64 42 58 102 43 59 90 63 72 119 117 35 31 66 40 44 111 134 124 88 110 56 95 32 140 81 55 51 45 94 123 53 49 112 76 61 86 70 91 107 132 137 126 84 92 125 71 85 99 98 75 68 41 106 101 21 36 129 38 103 116 65 105 87 30 52 114 109 130 108 118 89 54 62 9 22 79 33 128 136 142 26 15 19 8 34 67 143 47 17 6 18 25 7 46 80 37 78 3 23 11 12 5 96 141 113 100 27 28 13 10 20 48 69 83 97 24 4 14 2 29 1 16 121 


Population size:100
Max generations:100
Selection:Tournament(8)
Recombination:PMX
Recombination prob.: 0.8
Mutation:Insert
Mutation prob.: 0.5
fitness: 422.0
path:139 131 46 60 129 119 105 111 121 63 67 39 132 78 143 56 138 99 95 86 109 82 66 116 117 87 77 47 85 101 114 35 136 53 90 135 70 31 40 36 69 81 42 45 141 137 51 96 92 68 61 133 107 125 140 37 115 130 102 122 94 32 73 106 124 104 33 65 108 100 98 41 50 58 128 28 25 76 144 48 55 91 64 62 10 38 127 71 126 44 97 72 83 21 23 89 59 93 142 123 110 134 6 30 5 84 112 120 74 49 24 18 13 16 3 88 52 8 80 22 14 20 1 34 43 75 103 9 15 12 29 19 26 57 79 113 17 7 4 11 2 27 54 118 

Population size:100
Max generations:100
Selection:Tournament(12)
Recombination:PMX
Recombination prob.: 0.8
Mutation:Insert
Mutation prob.: 0.5
fitness: 427.0
path:98 139 84 124 66 142 46 87 112 122 103 100 135 129 64 82 33 56 53 77 109 105 44 86 47 72 58 119 54 137 107 88 111 31 70 94 133 65 141 130 80 35 61 67 136 48 93 36 85 143 113 49 50 96 43 52 38 8 62 34 134 97 115 116 118 75 95 57 60 144 99 89 37 40 131 55 63 59 101 51 140 106 126 125 17 79 83 138 108 69 104 90 78 9 30 121 23 39 91 128 117 7 12 15 3 102 120 127 132 114 81 20 1 10 92 71 45 74 21 28 6 4 19 68 73 123 32 22 25 13 14 29 5 27 110 76 16 18 11 24 2 26 42 41 